[gd_scene load_steps=13 format=3 uid="uid://khm5jpuqm1da"]

[ext_resource type="Texture2D" uid="uid://lr3te70ikvjy" path="res://addons/kenney_prototype_textures/dark/texture_05.png" id="1_jyhfs"]
[ext_resource type="Texture2D" uid="uid://cxi246lmtgayt" path="res://addons/kenney_prototype_textures/orange/texture_09.png" id="2_tbgi4"]
[ext_resource type="Texture2D" uid="uid://c0fendex3mobs" path="res://addons/kenney_prototype_textures/purple/texture_09.png" id="3_tefeu"]
[ext_resource type="Texture2D" uid="uid://8i1nh4aew0sm" path="res://addons/kenney_prototype_textures/green/texture_09.png" id="4_o6xl0"]
[ext_resource type="PackedScene" uid="uid://bu2tc32umwrbu" path="res://scenes/player.tscn" id="5_tbgi4"]

[sub_resource type="ProceduralSkyMaterial" id="ProceduralSkyMaterial_tipki"]
sky_horizon_color = Color(0.662243, 0.671743, 0.686743, 1)
ground_horizon_color = Color(0.662243, 0.671743, 0.686743, 1)

[sub_resource type="Sky" id="Sky_85g3d"]
sky_material = SubResource("ProceduralSkyMaterial_tipki")

[sub_resource type="Environment" id="Environment_choun"]
background_mode = 2
sky = SubResource("Sky_85g3d")
tonemap_mode = 2
sdfgi_enabled = true
glow_enabled = true
fog_enabled = true
fog_light_color = Color(1, 1, 1, 1)
fog_density = 0.001

[sub_resource type="StandardMaterial3D" id="StandardMaterial3D_ya4ey"]
albedo_texture = ExtResource("1_jyhfs")
uv1_triplanar = true

[sub_resource type="StandardMaterial3D" id="StandardMaterial3D_eb6dy"]
albedo_texture = ExtResource("2_tbgi4")

[sub_resource type="StandardMaterial3D" id="StandardMaterial3D_trceg"]
albedo_texture = ExtResource("3_tefeu")
uv1_triplanar = true

[sub_resource type="StandardMaterial3D" id="StandardMaterial3D_a8y0u"]
albedo_texture = ExtResource("4_o6xl0")

[node name="world" type="Node3D"]

[node name="DirectionalLight3D" type="DirectionalLight3D" parent="."]
transform = Transform3D(-0.866025, -0.433013, 0.25, 0, 0.5, 0.866025, -0.5, 0.75, -0.433013, 0, 0, 0)
shadow_enabled = true

[node name="WorldEnvironment" type="WorldEnvironment" parent="."]
environment = SubResource("Environment_choun")

[node name="map" type="Node3D" parent="."]

[node name="floor" type="CSGBox3D" parent="map"]
transform = Transform3D(1, 0, 0, 0, 1, 0, 0, 0, 1, 0, -0.5, 0)
material_override = SubResource("StandardMaterial3D_ya4ey")
use_collision = true
size = Vector3(1000, 1, 1000)

[node name="box1" type="CSGBox3D" parent="map"]
transform = Transform3D(0.860689, 0, 0.509132, 0, 1, 0, -0.509132, 0, 0.860689, 3.63793, 0.5, 3.45613)
material_override = SubResource("StandardMaterial3D_eb6dy")
use_collision = true

[node name="box4" type="CSGBox3D" parent="map"]
transform = Transform3D(0.860689, 0, 0.509132, 0, 1, 0, -0.509132, 0, 0.860689, 1.75062, 1.17886, 4.25831)
material_override = SubResource("StandardMaterial3D_eb6dy")
use_collision = true

[node name="box5" type="CSGBox3D" parent="map"]
transform = Transform3D(0.860689, 0, 0.509132, 0, 1, 0, -0.509132, 0, 0.860689, 0.197754, 1.67719, 5.02552)
material_override = SubResource("StandardMaterial3D_eb6dy")
use_collision = true

[node name="box6" type="CSGBox3D" parent="map"]
transform = Transform3D(0.860689, 0, 0.509132, 0, 1, 0, -0.509132, 0, 0.860689, -2.13685, 1.67719, 4.26802)
material_override = SubResource("StandardMaterial3D_eb6dy")
use_collision = true

[node name="box2" type="CSGBox3D" parent="map"]
transform = Transform3D(0.860689, 0, 0.509132, 0, 1, 0, -0.509132, 0, 0.860689, -5.7155, 1, 3.92553)
material_override = SubResource("StandardMaterial3D_trceg")
use_collision = true
size = Vector3(2, 2, 2)

[node name="box3" type="CSGBox3D" parent="map"]
transform = Transform3D(0.998599, 0, 0.0529111, 0, 1, 0, -0.0529111, 0, 0.998599, -1.02134, 1.5, -8.02076)
material_override = SubResource("StandardMaterial3D_a8y0u")
use_collision = true
size = Vector3(3, 3, 3)

[node name="Player" parent="." instance=ExtResource("5_tbgi4")]
